XIII.

JUILLET 1859.

 

 

 

 

 

 

 

 

 

 

 

 

 

 

 

 

 

 

 

 

 

 

 

 

 

 

ζ( Βανοηιὲΐνε ὰ 0⁰ Tempe‘rature exte‘rz'eure Dgff'e‘rence entre le T herm. Tensionde Ia vapeur d'eau
Ξ, en pouces et Iz'gsnes Par. suivant Ze Therm. centiy. sec et mouille'. dans I'ae'ren ἷίφιεε Ραν.
ξ 77¹· clzvc nat. 211- clu soc'r θῘῑ clu soit 7¹¹ clam. 2l1 (Ius. 9l1-d11s.711-d.⁷11.21· dus.91¹1-clus. 7h-d17112h-dus.9h-dus.
1 28. ο 36 33. 0‚56 38 o τ3 ÷100 6 1343 3 ψιτῡ, 1 00, 0 40, 9 00, 9 6”’, 07 5¹¹¹, 85 5⁸26ss
2 1,Οὸ (1,6(3 (1,6Ῐ3 16,9 21,6 15,6 0,9 4‚9 Ο,6 5,6(1 4‚79 5‚33
3 004 27.11,83 0,(11 17,5 21, 5 18,Ο Ο,3 2,0 (1,Ο 6,22 6,71 6,62
4 0,413”..)6.(1,75 1520 17,3 2(1,1 13,6 3,2 5,4 2,] 4,33 3,93 3,82
5 2,Ο7 ’2,10 219 16,1 19,7 13,7 3‚0 6,0 3,2 4,Οὸ 4‚43 3‚24
6 1‚54 1,07 Ο,9319,9 27,7 19,2 3,5 8,5 2,0 4,96 4,82 5,49
7 0,70 0,6-”3 O‚37 19‚5 22,9 17,2 3,2 8,0 3‚0 5,Οὸ 3,29 4‚14
827.1,115 27,11,91’27,11,.”)(1 1,’3·,6 15 3 1153 1,9 1,5 1,3 4,56 4,68 3,69
9 11‚7O ³8 034 ,,140 Ι6,8 2Ο,0 12,6 3,4 6,Ο 1,ἕ3 ⁴‚O4 3,.52 3,88
10 28. 2,(17 193 2,(13 19,7 23,7 14,7 2,(1 5,Ο 1‚4 5‚95 4‚94 4,55
11 2,14 1,71 1,21 21,7 97,Ο 17,1 -1,Ῑ 7‚O 1,(1 5‚34 5‚6O 5,72
12 Ο,54 27,,1123 27 941 17,4 20,7 DQ& 1‚0 3‚4 4, 7 5, 72 5,4O 4‚6]
13 27.10,8Ο 1(1,77 11,19 17,2 21,3 12,2 5,5 7,6 1,0 ’2,97 3,(12 4‚04
14 11,19 11,29 11,.”)1 13,7 18,7 Η,7 3,5 7,7 1,7 3,10 2,Ῑὸ 3,53
15 26.1,ΟΟ 11,91 11,71 16,4 19,9 14‚‹j› 1‚4 6,2 3,0 5,11 3,39 3,44
16 Ο,28 28. Ο,2Ο 11,73 17,3 20,2 14,7 3,(³ 7,] Q? -1,44 2,96 4,(19
17 27.,1011Ο ’27 8,83 781 16,S 24,4 19,6 2,8 6,5 2,3 4‚39 4,86 5,73
18 9,5 9 9,43 9737 16,7 22,·2 13,-1 3,5 8,1 2,7 3,96 3,04 3‚44
19 10,15 11,(15 28, Ο,11 14,1 2(1,0 13,2 3,1 7,Ο 4,1 3,-11 2,96 2,65
20 28,1,37 28.1,75 2,51 15,0 21,4 14,-Ι 4,7 6,7 2‚O 2,80 3,15 3,99
’21 280 1,64 0,24 17,1 27,7 17,“2 2,1 Ο,Ο 3‚5 4,91 3,ss 4,19
3-3 371169 -37,,1613 27.,1o17 20,7 37,7 16‚5 ῡ,6 10‚0 1‚0 4,01 3‚81 5‚40
3316631635 1663 17‚4 17,ss 9,6 4‚7 4‚8 με, 3,4S 3‚38 2,96
24 11,10 1175ss 26 (117 l4‚7 1(1,2 9,7 4,5 7,5 2,(1 3‚lO 2‚44 2,89
’25 26, (1,.19 280,7-1 Ο,5·2 15,-1 23,7 1-1-,8 5‚4 9‚5 3‚7 :2‚52 2,67 3‚28
26 0,1(1’27.,111-1·27.,1058 15,2 23,9 18,4 5,1 6,8 1,7 2,ῧὸ 4,4‘2 3,79
27 27. 958 1,.6 SAR 18,2 17,7 16,6 5,0 2,Ο ’1,Ο 3,ῡῦ 5,21 5,43
28 735 6,6Ο 754 16,4 ’23,8 17,2 2,2 7,6 3,ss 4‚64 3‚9O 4‚07
29 7,67 8311 9,17 16,(1 19,Ο 1(1,7 ’2,2 6,3 (1,6 4,51 3,Οὸ 3,85
30 10,47 11302 11,619,2 18,7 12,8 0,0 7‚4 ⁶2,ss 3,78 2,36 3‚34
31 28, Ο,70 28.11,19 1],7;’3 12,3 22,7 14‚9 3‚0 9,6 3‚3 3‚OO 2,29 3‚53
Ξ 271175 373163 27.11,54'÷16,6 ÷21⁰,7 ÷w.9' 3⁰,o *osma 2⁰,2 ⁴''‘.26 3¹ ''',ss‡4⁹ 20
Ι Barom. Max. lc 21 vers un SO. faible.
1 Barom. Min. le 28 vers un O. Ifiger. ,1
1

 

