XV.
SEPTEMBRE 1860.

 

 

 

 

 

 

 

 

 

 

 

 

 

 

 

 

 

ζ Βανοηιὲῐνε ὰ 0⁰ Τ empe'rature exte‘rieure Dg'ffe‘rence entre le T herm. Tensz'on cle Ia vapeur d'eau
{- en pouces et liques Par. suivant le Therm. centiy. sec et mouille< dans Γ air en lzynes Par.
ξ 771· du mat. 21¹· du soir 91²· clu soz'r 7¹¹·du m. 21¹· du s. 9'1· du s. 71¹· d. m. 1 21⁸· du s. 19¹¹· du s. 7¹¹· du m. 2⁶· clu s. 91¹· du s.
1 27. 8,·ὶὸ 27. 9,03 27. 233 ÷12‚o ÷17‚5 ÷13,0 00, 8 4⁰, 5 20, 3 4¹¹¹, 11 3”, 64 3184
2 10,52 10,22 10,Βῖ 12,2 19,Ο 10,2 1, O 4 5 0, 7 4, 06 4, 11 3,67
3 mss 10‚28 10‚45 10‚6 17‚9 10‚7 ο, 8 4 7 0, 5 3, 74 3, 63 3,91
4 10,61 10,81 10,50 10,2 15,9 9,2 Ο,5 5,4 0 1,0 3, 78 2, 66 3,·27
5 10,37 11,89 28.],50 9,2 3,7 8,8 0,2 1,-1 Ο,5 3‚69 4,25 3,44
6 28.1,73 28 1,17 1,24 9,7 19,9 14,2 Ο,2 4 9 0, 9 3,81 4, 15 4,62
7 1,42 1,05 27.11,65 14,1 21,1 13,4 1,1 5 4 1, 2 4, 54 4, 28 4,28
8 27. 8,(11 27. 6,87 6,83 13,3 19,2 7,3 1,3 5 b 0, 6 4,19 3, 54 3‚O5 >
9 5,35 (224 6‚94 9,8 12,3 7,] 2,6 4 1 2,3 2,63 2,45 2,21
10 8,15 9,21 10,03 3 7 9 ,6 2 ,2 1, 6 4 O 1 , 3 1 , 92 1, 91 1,81
11 11,4Ο 11‚88 28. 0,09 2,3 13‚0 5‚0 1 , O 5 6 1, 4 1, 80 1 , 85 2,22
12 28.Ο,99 28.0,91 Ο,3ἷ) 7,7 17,3 7,6 1,7 5 8 1,3 2,6Ο 2,81 2,77
13 27.11,05 27.10,36 27. 9,56 9,1 14,6 9,9 O, 5 4 5 Ο, 7 3, 51 2, 80 3,59
14 10,23 11,12 1138 9,7 14,9 11,2 Ο,3 2 5 Ο,4 3,75 3,99 4,09
15 11,29 10,58 10,27 10,5 16,7 11,2 Ο,4 5,Ο 1,4 3,90 3,10 3,56
16 8,23 7,·23 6,36 10,Ο 14,5 10,3 Ο,3 Ο,7 0,0 3,83 4‚90 4‚O7
17 7,17 7,99 284 10,1 14,2 12,2 O, 4 1 8 O, 7 3, 80 4, 18 4,20
18 7,13 6,89 7,54 14,5 17,7 14,5 Ο,4 1 9 Ο,7 5,Οὸ 5‚26 4,90
19 7,11 5,Οὸ 5,57 12,7 13,7 14,6 Ο, 2 Ο Ο Ο, 4 4‚63 5,Οὸ 3,93
20 6,02 7,52 9,38 12,2 12,8 9,4 O,3 O 5 0,2 4,43 4,50 3,73
21 10,46 10,71 10,Οὸ 7,9 11 ,2 9,3 0, 2 1 5 O, 6 3, 38 3, 77 3‚50
22 9,24 10,49 11,27 10‚3 11,2 6,3 Ο, 2 1 3 O, 4 3, 96 3, 61 2,93
23 9,96 9,59 10,00 10,1 13,7 12,3 0‚O Ο,5 0,2 4,01 3,77 4,52
24 11,62 28. Ο,58 28. 0‚83 10‚4 11 ,O 10,0 O, 1. 0, 5 0, 3 4, 04 3, 99 3,83
25 11,91 27.1l‚48 27.10,78 10 , 8 16 ,8 11, 4 0 , 1 1 5 O , 3 4 , 14 5 , 20 4 ‚ 20
26 10,96 11,ὃὸ 28. 0,(30 10 ,3 14 , 3 10 , 2 O ‚ 6 3 7 1 , O 3 , 75 3 , 15 3 , 51
27 11,62 9,91 27. 9,81 9,6 9,8 8‚S 0,ss Ο,0 0,0 3,58 3,94 3,69
28 11,83 28, 0,25 28. (³,73 8 , 5 12 , 7 9 , 0 O ‚ ‘2 2 , 5 O ‚ 5 3 , 52 3 , 37 3 ‚ 48
29 28.1,06 2,57 4‚4O 8,4 10‚8 2,0 Ο, '3 4 5 0, 5 3,44 Ι, 89 2,“ι2
30 6‚34 &44 6‚50 O‚8 11,9 1,7 0,2 2 1 Ο,5 3,(17 2,87 2,07
0 2⁷. 10, 36 27.10,47 27. 10, 69 -1- 9⁰,7 -1-140, 7 -1-90, 4 10, 3 3⁰,l 0⁰3 3 ,69 3 ,62 3 ,50
Ξ m m m
Barom. Max. le 30 vers un Ε. faible.
Barom. Min. le 19 vers uu E. saible.
ι

 

 

