XIII.

JUILLET 1860.

 

 

 

 

 

 

 

 

 

 

 

 

 

 

 

 

 

 

 

 

 

 

 

 

 

 

 

 

 

ξ Βωοιηὸΐιέ ῖι 00 Tempe‘mtz‹re extc‘rz'eure Dg'fftfrence entre Ie T herm. Τ ension de Ia vapaztr (Palm
Ξ en pouces et lt'gsnes Par. sulz-ant Ie T Ize 171.1'9c(1tn sec et mouille*- clans I'az'r en liques Par.
Ξ 7Ι’- du mat. 2¹¹-dus015r 911· clu sofr haum. 211· da s. 97¹ du s. 7l1. d. m. 27¹- clu s. 9¹¹· du s. 7¹¹·du m. 21¹· du s. 9¹¹- du s.
1 27. 9‚47 9711111 27.1ι,1ο ÷ 9ο,. f ÷110 3 111οω ’ 00, 6 10, 0 οη, 1,- 3¹⁰, 95 3¹¹¹, 80 4¹¹¹, 07
2 28. 9,63 28. 0311 11,66 12, 4 17, ὃ 13,.’”) 3, 1 5, 3 2, 3 2, 27 3, 25 3,69
3 27.10,45 27. &50 6,ὅ2 16,2 20,3 11,9 1, 6 5, 4 0, 7 4, 92 4, 00 4,12
4 5,.’“»(”1 531 5,6Ο (1 , 3 10, 9 (1, S O , 6 O , 8 0 , 0 3 , 50 3, 80 3 ,9-1
5 256 830 &35 (1,3 10,4 (1,ss Ο, 0 1, 2 0, O 3, 81 3, 48 3,96
6 7388 8,ῧί S,66 10,51 11,4 10,1 1, 9 1, 3 O, 5 3, 2-3 3, 66 3‚75
7 9,10 10,16 10,7-1 1o‚3 11 , 5 10, 3 0 , O l , 7 0, 2 4 , 07 3 , 43 3 , 9ss
8 11,75 28. 0,20 28. 0,-15 13,2 16 ,7 12,3 2, 2 -I, 2 O, 2 3, 66 3, 55 4,52
9 28.1,26 1,12 Ο,71 ]3‚4 133³ 13‚1 3,3 4‚S 1,0 3,ss 3‚S4 -1,30
10 1,οΟ 1,26 1,20 15,5 28‚7 MA 3,4 6,5 1,4 3‚64 2,83 4‚46
11 1‚35 0,74 0,9S 20,2 DQ& 17‚0 4, ¹2 ὃ, 4 3, 0 4, 70 4, 25 5,34
12 1,56 1,79 1,94 lS,7 ‘22‚3 16,0 4, Ξ) 7, 0 3, 0 ,3, 99 3., 82 4,02
13 2,Ιῆ 1,.(15 2,-Ιο 18,Ο 22,0 15,2 3, 7 5, 8 2, -1 4, *24 -1, 33 4,ἶὲ
14 2,90 2,ἓ11 3‚0·2 17,ss 20,7 15,2 3, 4 6, 0 2, 2 4, 29 3, 75 4‚24
15 &18 299 282 18,2 ‘23‚4 14‚8 ·2‚5 7,2 1,3 5,0;”) 3,96 -1,64
16 2,23 1,81 1,:'1O 20,0 2-1,7 18,9 2,1 4, 5 1, 7 6, 00 6, 36 5,84
17 1,57 1,13 0,Βὲ 21,2 28,6 2Ο,1 2,0 7,8 3,4 6,57 5, 73 5,19
18 1,04 O‚5O Ost? 21,3 27,2 19,3 3,6 7,1 3,5 5,52 5,59 4,83
19 Ο,13 27.1],47 27,11,Ο2 22,7 28,4 2Ο,7 3, S 9, 2 3, 7 5, 96 4, 6-1 5,22
20 ⁶27.10‚O4 9766 10,07 23 ,4 29 , S 20 , 9 4 , 4 8 , 6 1 , 9 5 , 85 5 , 73 6 ‚ 53
21 1Ο,57 10,49 10,48 18 , 3 19 , S 18 ,1 I , l 1 , 9 3 , 6 6 , 00 6, 07 4 , 35
22 10,93 10,97 11,33 18,4 25,3 15,7 3,7 7,3 2,2 4,89 4,66 4,40
23 11,4O 10,83 10‚S5 18,ss 23,8 17,1 2, 7 5, 7 1, 4 5,Οὸ 4, 99 5,36
24 11,00 Γ 11,07 10,77 18,3 23,7 16,1 2, 2 6, 9 1, 4 5, 29 4, 28 5,Ο1
25 10,91 10,38 10,Οό 18,4 22,4 16,7 2, 4 7, O 2, 5 5, 19 3, 75 4‚55
26 8,80 7,92 7‚S7 15,8 19,1 18,2 0, 5 Ο, 4 1, 0 5,47 6, 80 6,03
27 8,ὃὸ 9,21 9,32 1-1,9 23,9 l5,8 1,4 6,2 1‚4 4‚61 4,83 4,91
28 9,,34 9,60 11111 18,9 23,0 14,6 1, 7 7, Ο 2, O 5, 84 3, 96 4-,17
29 10,99 11,2Ο 11,28 14,‘2 21,7 14,4 2, Ο 6, 7 1, 9 4, 06 3, 68 4,17
30 11,53 11,74 11,72 16,2 18,2 13,2 2,] 2,2 1,3 4,(32 5,2Ξι 4,16
31 11,02 10,40 10,19 17,4 21,3 14,;“1 3, 6 7, 3 1, 8 4,12 3, 19 4,26
ἒ· 27. 11 29 12127.11,161116“,5 ÷200‚7 4¹50„ ‘emat 5122 10.7 14”’,63 14’”,36 14”’, 58
,————-—————-—-——-————-————-———-

Ι Barom. Max. le 15 vers un E. faible.

, Bau-om. Min. le 4 vers un No. lfiger.

 

 

 

