lx.

MAI 1859.

 

 

 

 

     
 

   

  
       

 

 

 

 

 

 

 

 

 

 

 

 

 

 

 

 

 

 

 

 

 

 

’ἒ Βανοηιὲίνε ὰ 0⁰ T emper-amre exter-ieme D ff& enee entre le T lzerm T enswn de Ia vapeur d'eau
Ξ, en pouces et liqnes Par. suivant le Therm. centiy. sec et mouille‘ dansl’air en Ziynes Par.
ξμ- 711. du mat. 2¹¹· dusoir 97¹· du soir 7-.12dum 21¹· dus. 91¹· dus. 77¹· d. m. 27⁸· dus. ,94- dus. 71ι dum. 2¹·- dus 97¹- dus.
1 ⁶27.‚1087 951196 971867 1- 20‚3 ÷0,6 1 ψ 10‚2 00, 7 3⁰, 2 00, 3 2¹¹2 08 1¹¹¹, 62 ‘2'‘',08
2 10,49 ῙΟ,1Ο 9,1Ο 3,9 9, 0 4,1 Ο,6 1,Ο Ο,6 2,39 1,91 ’2,43
3 9,86 11,6Ο 11,87 3,5 6, 7 4,Ο Ο,5 5,2 0,4 2,37 Ο,86 2,49
4 28. Ο,14 1Ο,17 8,54 1,710,3 6,7 Ο,5 4,6 Ο,4 2,Οὸ 1,76 3,01
5 8,38 9,ΟΟ 10,58 3,7 7,7 Ο,7 Ο,5 6,5 Ο,5 2,58 Ο,46 1,93
6 “.).7.,1190 28.Ο,37 28.1,07 1,3 1Ο,2 2,Ο Ο,4 3,5 Ο,3 2,Οὸ 2,27 2,21
7 28, 2,83 3,77 4,84 3,7 10,9 1,2 Ο,5 6,7 Ο,2 2,39 Ο,88 2,13
8 5,ῙΟ 5,13 5,59 4,7 12,6 4,9 Ο,2 6,5 Ο,7 2,72 1,30 2,52
9 6,76 6,63 6,33 7,1 12,9 3,7 4,Ο 6,7 Ο,7 1,46 1,25 2,31
10 5,1() 4,48 4,75 8,Ο 13,9 4,7 3,0 6,6 Ο,7 2,Οὸ 1,54 2,49
11 5,26 5,75 6,41 2,8 7,2 Ο,1 Ο,7 2,Ο Ο,8 2,16 2,35 1,71
12 6,44 6,2Ο 4,Ο9 4,8 9,2 2,2 2,Ο 4,6 Ο,5 1,93 Ο,57 2,15
13 6,14 5,52 5,89 4,7 15,0 5,6 4,Ο 7,3 Ο,6 1,07 1,44 2,7Ο
14 4,82 4,01 4,Ο4- 8,Ο 17,7 10‚1 3‚0 6‚1 3,2 2,70 2,75 2,41
15 3,94 3,16 2,97 12,7 19,7 1Ο,5 5,Ο 8,5 3,6 2,()6 ],98 2,27
16 2,85 2,43 2,29 12,6 22,2 12,7 2,8 6,6 3‚0 3,17 3,98 3‚l4
17 2,66 3,49 2,5Ο 15,Ο 21,7 9,Ο 4,Ο 9,Ο Ο,5 3,]6 2,30 3,72
18 2,76 3,36 233 11,7 20,3 10,7 5,2 7,2 1,1 2,74 2,89 3,58
19 1,34 Ο,76 ιΟ,41 12,Ο 20,3 11‚9 3,7 6,Ο 1,9 2,53 3,63 3,48
2Ο 27.,1031 27. 9,81 27. 9,“33 12,Ο 22,7 13,Ο Ο,7 6,5 Ο,9 4,15 4,'13 4‚33
21 8,23 10,09 11,5Ο 11,7 7,2 5,Ο Ο,3 Ο,2 Ο,6 4,29 3,22 2,59
22 28.1,83 28.2,21 28. 2,94 11,8 14,2 9,Ο 2,Ο 6,Ο 1,5 3,39 1,9Ο 2,98
23 4,13 4,03 4,13 12,6 19,6 11,6 3,0 6,9 3,4 3,Οὸ 2,86 2,62
24 4‚Oss 3,21 2,74 14,3 21,1 10,3 2,8 7,Ο 1,3 3,62 3,28 3,39
25 1,92 Ο,8Ο Ο,73 13‚7 25,2 16,2 2,5 7,Ο 2,7 3,62 4,81 4,26
26 Ο,54 Ο,57 Ο,76 20,6 27,7 16,7 3,4 10,Ο 4,7 5,38 3,79 3,27
27 1,62 1,32 ],94 17,2 28,Ο 18,2 2,5 10‚l 4,Ο 4,72 3,84 4,12
28 2,26 1,67 ],97 19,3 28,9 17,3 3,3 12,6 5,3 5,(13 2,.55 3‚lO
-29 l,93 1‚43 1,56 19,Ο 28,Ο 16,2 3,2 12,Ο 6,Ο 4,91 2,59 3,41
:30 Ο,64 Ο,69 Ο,86” 12,7 17,7 13,4 Ο,9 5,7 ],4 2,58 2,99 4,16
231 Ο,99 Ο,4Ο Ο,57 13,6 25,2 19,7 1,9 8,5 4,5 3‚94 3‚83 4, 35
ἒ 98. 9, 991981 91198 81 99 ÷90 8 11698 ÷s0 8 zzz 60,510,8 19”’,981 9’”,ι1419”’,9ι

Barom. Μελ. le 5 vers un N. faible. η

Barom. Min. le 21 vers un NE. faible.

u 1

= Q—

ss

 

