XV.

AofiT 1859.

   

 

 

 

 

 

 

 

 

 

 

 

 

 

 

 

 

ἒ* Βανοιηὲτνε ὰ 0⁰ T empe‘rature earte'rieure Dsffffence entre le T herm. T ensz'ozz de la vapeur d’eau

ξ, en ρους es et liques Par. suivant le T herm. centiq. sec et monam. dans l'air en liques Par.

{ffl— 711 (Iu mat. 271- clu soz'r 9¹² clu sozr 7h-du711211-dus. ‘ffluduffl 71¹- (lum. 27¹·du s. 97¹·du s. Unda-m. 21udu s. 91¹· dus.
==1

1 07 8774 >7. 8,,12 27. 863 μου ι arvos) 41:3⁰, o 00, 40, 1 20, ο 5”’, 12 5⁴⁰, 59 4¹¹¹, 30

9 890 8,94 9,36 15,4 91,7 151 2 3 7,3 3,6 4,·25 3,.33 3,42

3 9,ὃ1 10,43 11,30 15,7 93,8 13,7 2‚6 9‚4 1,7 4,17 9,89 4‚08

4 98. 0,.51 98.1ζ,13(1 11,71 16,3 24,11 18,9 3,9 7,9 3,2 4,01 4,91 4‚63

5 97.10,38 97,10,69 10,30 17,0 93,7 13,7 2‚7 &7 9,0 4,.59 3,15 4,85

6 111,59 1Ο,18 10,57 15,5 29,0 13,9 9,1 7,5 1,5 4,39 3,.31 4,Οό

7 10,54 1026 10,65 15,0 99,9 13,9 2‚0 8,0 9,7 4,30 3,Ο7 3,58

8 10,98 9,77 9,36 14,8 91,4 19,7 1,7 6,7 1,7 4,41 3,58 3,79

9 9702 8747 8,(13 13,8 12,9 9,’7“ 1,9 Ο,5 0,4 4,39 4,39 3,7Ο

10 2819491 11,18 [.1,.311 12,9 18,3 13,9 1,6 5,Ο 9,5 3,91 3,58 3,5Ο

11 1,08 98.1,119 11,97 19,2 90,7 11,7 9 ’“) 6,6 ],0 3,·24 3,41 3‚9O

19 1,36 1,49 1,ῢὸ 14,4 94,1 16,9 9 4 8,5 2‚5 3,89 3,39 4,38

13 1,85 1,78 1,99 15,1 96,9 17,9 2 9 9,8 9,7 4,91 9,88 4,58

14 1,70 1,31 1,90 16,5 94,4 18,9 ὲ 5 7‚3 9,5 4,47 4,30 5,(17

15 1‚29 1,(19 1,49 18,7 94,3 13,ἓ ³ 6 8,Ο 1,6 5,18 3,81 4‚17

16 1,.53 1,59 1,75 16,4 99,9 13,8 2 O 7,9 1,Ο 4‚74 3,59 4,51

17 27‘25 2,33 2,78 16,5 94,3 15,0 2 7 8,6 1,7 4‚35 3,39 4

18 35³0 9,54 9,,57 19,3 27,3 16,6 1 6 8,4 9,5 3,74 4,70 4

19 ),77 9,98 1,75 18,0 30,9 19,1Ἰ 2 8 10,1 3,3 4‚79 4‚83 4

20 1,17 0,7”) 97.11,39 19,7 99,9 18,0 3 1 5,9 1,Ο 5,93 4‚81 5

91 97 934 97.9,711 10,41 17,8 13,8 9,7 1 5 1,0 0,7 5,56 4,51 3

92 11,19 11,13 105>ss 12,1 91,3 11,7 1 5 7,7 1.,’2 3,75 ’2,96 3

23 11130 189 111,67 14,9 25,4 12,9 1 9 8,7 1,3 4,.59 3,77 4

21 1‹·,.6› 1(ι,8ιῑ 1139 14,6 ⁵22,7 13,ss 0,ss 7‚8 1‚1 3,84 3‚36 4

95 2811118 Ilm} 1138 15,(1 ‘2¹³‚4 15,9 Ζ,3 6,9 9,0 4,13 1,95 4

915 <am-25 (187 10,79 17,9 ⁶25st 13‚7 9,11 6,7 11,() 5,Ο“’.). 4,87 5

97 11,1)’7 11,88 11,'.³.4 12,7 14‚7 11,7 0 5 1,Ο 0,0 -1,47 4,79 4,

*AE 10‚94 11: 37 1130 ι4,7 21,5 16,ss ο o 3,3 1‚4 5‚3u 4‚33 5,

99 11116 11,10 ww 1:3‚7 19,8 15,9 1,0 3,9 0,5 4‚48 4‚76 5,

31) lom] 10,”.)3.1,88 15,9 93,7 15,7 O 5 5,5 ·2‚0 5‚26 5,·22 4,

31 8⁷30 8,(31) 8,(19 16,3 25,(1 17,7 1 11 (1,7 9,0 5,33 4,9-1 5

Ξ 27. 11,49 27. ΙΙ ,39 27.11,52 415⁰„ ἲ ’⁰4 -1-140,6Ι 10 9 60, 5 10 7 Ι <ln ,491 31η

 

 

 

 

 

 

 

 

Barom. max. le 18 vers un E. faible.

Barom. min. le 1 vers un S. faible.

 

 

